(kicad_pcb (version 20171130) (host pcbnew 5.1.9)

  (general
    (thickness 1.6002)
    (drawings 4)
    (tracks 533)
    (zones 0)
    (modules 75)
    (nets 68)
  )

  (page USLetter)
  (title_block
    (rev 1)
  )

  (layers
    (0 Front signal)
    (31 Back signal)
    (34 B.Paste user)
    (35 F.Paste user)
    (36 B.SilkS user)
    (37 F.SilkS user)
    (38 B.Mask user)
    (39 F.Mask user)
    (44 Edge.Cuts user)
    (45 Margin user)
    (46 B.CrtYd user)
    (47 F.CrtYd user)
    (49 F.Fab user hide)
  )

  (setup
    (last_trace_width 0.6)
    (user_trace_width 0.15)
    (user_trace_width 0.2)
    (user_trace_width 0.4)
    (user_trace_width 0.6)
    (trace_clearance 0.127)
    (zone_clearance 0.2)
    (zone_45_only no)
    (trace_min 0.127)
    (via_size 0.6)
    (via_drill 0.3)
    (via_min_size 0.6)
    (via_min_drill 0.3)
    (user_via 0.6 0.3)
    (user_via 0.9 0.4)
    (uvia_size 0.6858)
    (uvia_drill 0.3302)
    (uvias_allowed no)
    (uvia_min_size 0)
    (uvia_min_drill 0)
    (edge_width 0.0381)
    (segment_width 0.254)
    (pcb_text_width 0.3048)
    (pcb_text_size 1.524 1.524)
    (mod_edge_width 0.1524)
    (mod_text_size 0.8128 0.8128)
    (mod_text_width 0.1524)
    (pad_size 1.524 1.524)
    (pad_drill 0.762)
    (pad_to_mask_clearance 0)
    (solder_mask_min_width 0.12)
    (aux_axis_origin 0 0)
    (visible_elements FEFFFF7F)
    (pcbplotparams
      (layerselection 0x010fc_ffffffff)
      (usegerberextensions false)
      (usegerberattributes false)
      (usegerberadvancedattributes false)
      (creategerberjobfile false)
      (excludeedgelayer true)
      (linewidth 0.152400)
      (plotframeref false)
      (viasonmask false)
      (mode 1)
      (useauxorigin false)
      (hpglpennumber 1)
      (hpglpenspeed 20)
      (hpglpendiameter 15.000000)
      (psnegative false)
      (psa4output false)
      (plotreference true)
      (plotvalue false)
      (plotinvisibletext false)
      (padsonsilk false)
      (subtractmaskfromsilk true)
      (outputformat 1)
      (mirror false)
      (drillshape 0)
      (scaleselection 1)
      (outputdirectory "./gerbers"))
  )

  (net 0 "")
  (net 1 GND)
  (net 2 N$64)
  (net 3 N$1)
  (net 4 VCC)
  (net 5 N$2)
  (net 6 N$3)
  (net 7 N$4)
  (net 8 N$5)
  (net 9 N$6)
  (net 10 N$7)
  (net 11 N$8)
  (net 12 N$9)
  (net 13 N$10)
  (net 14 N$11)
  (net 15 N$12)
  (net 16 N$13)
  (net 17 N$14)
  (net 18 N$15)
  (net 19 N$16)
  (net 20 N$17)
  (net 21 N$18)
  (net 22 N$19)
  (net 23 N$20)
  (net 24 N$21)
  (net 25 N$22)
  (net 26 N$23)
  (net 27 N$24)
  (net 28 N$25)
  (net 29 N$26)
  (net 30 N$27)
  (net 31 N$28)
  (net 32 N$29)
  (net 33 N$30)
  (net 34 N$31)
  (net 35 N$32)
  (net 36 N$33)
  (net 37 N$34)
  (net 38 N$35)
  (net 39 N$36)
  (net 40 N$37)
  (net 41 N$38)
  (net 42 N$39)
  (net 43 N$40)
  (net 44 N$41)
  (net 45 N$42)
  (net 46 N$43)
  (net 47 N$44)
  (net 48 N$45)
  (net 49 N$46)
  (net 50 N$47)
  (net 51 N$48)
  (net 52 N$49)
  (net 53 N$50)
  (net 54 N$51)
  (net 55 N$52)
  (net 56 N$53)
  (net 57 N$54)
  (net 58 N$55)
  (net 59 N$56)
  (net 60 N$57)
  (net 61 N$58)
  (net 62 N$59)
  (net 63 N$60)
  (net 64 N$61)
  (net 65 N$62)
  (net 66 N$63)
  (net 67 N$65)

  (net_class Default "This is the default net class."
    (clearance 0.127)
    (trace_width 0.127)
    (via_dia 0.6)
    (via_drill 0.3)
    (uvia_dia 0.6858)
    (uvia_drill 0.3302)
    (diff_pair_width 0.1524)
    (diff_pair_gap 0.254)
    (add_net GND)
    (add_net N$1)
    (add_net N$10)
    (add_net N$11)
    (add_net N$12)
    (add_net N$13)
    (add_net N$14)
    (add_net N$15)
    (add_net N$16)
    (add_net N$17)
    (add_net N$18)
    (add_net N$19)
    (add_net N$2)
    (add_net N$20)
    (add_net N$21)
    (add_net N$22)
    (add_net N$23)
    (add_net N$24)
    (add_net N$25)
    (add_net N$26)
    (add_net N$27)
    (add_net N$28)
    (add_net N$29)
    (add_net N$3)
    (add_net N$30)
    (add_net N$31)
    (add_net N$32)
    (add_net N$33)
    (add_net N$34)
    (add_net N$35)
    (add_net N$36)
    (add_net N$37)
    (add_net N$38)
    (add_net N$39)
    (add_net N$4)
    (add_net N$40)
    (add_net N$41)
    (add_net N$42)
    (add_net N$43)
    (add_net N$44)
    (add_net N$45)
    (add_net N$46)
    (add_net N$47)
    (add_net N$48)
    (add_net N$49)
    (add_net N$5)
    (add_net N$50)
    (add_net N$51)
    (add_net N$52)
    (add_net N$53)
    (add_net N$54)
    (add_net N$55)
    (add_net N$56)
    (add_net N$57)
    (add_net N$58)
    (add_net N$59)
    (add_net N$6)
    (add_net N$60)
    (add_net N$61)
    (add_net N$62)
    (add_net N$63)
    (add_net N$64)
    (add_net N$65)
    (add_net N$7)
    (add_net N$8)
    (add_net N$9)
    (add_net VCC)
  )

  (module SMD_Pads:smd_pads_3_in (layer Back) (tedit 601DC2F2) (tstamp 60228AA3)
    (at 3.64 16.02 90)
    (path /top/3116052364733544078)
    (fp_text reference J1 (at -4.3 -2.4 180) (layer B.SilkS) hide
      (effects (font (size 1 1) (thickness 0.15)) (justify mirror))
    )
    (fp_text value Conn_01x03 (at 0.4 -4.6 90) (layer B.Fab)
      (effects (font (size 1 1) (thickness 0.15)) (justify mirror))
    )
    (fp_text user 5v (at 2.6 0.3 180) (layer B.SilkS)
      (effects (font (size 1 1) (thickness 0.15)) (justify mirror))
    )
    (fp_text user GND (at 0.1 0.9 180) (layer B.SilkS)
      (effects (font (size 1 1) (thickness 0.15)) (justify mirror))
    )
    (fp_text user DIN (at -2.5 0.6) (layer B.SilkS)
      (effects (font (size 1 1) (thickness 0.15)) (justify mirror))
    )
    (pad 1 smd rect (at 2.56 -2.24 90) (size 1.524 2.54) (layers Back B.Paste B.Mask)
      (net 4 VCC))
    (pad 3 smd rect (at -2.52 -2.24 90) (size 1.524 2.54) (layers Back B.Paste B.Mask)
      (net 2 N$64))
    (pad 2 smd rect (at 0.02 -2.24 90) (size 1.524 2.54) (layers Back B.Paste B.Mask)
      (net 1 GND))
  )

  (module SMD_Pads:smd_pads_3_out (layer Back) (tedit 601DC37E) (tstamp 60228AAD)
    (at 32.84 16 90)
    (path /top/1686243986629337533)
    (fp_text reference J2 (at -4.3 -2.4 180) (layer B.SilkS) hide
      (effects (font (size 1 1) (thickness 0.15)) (justify mirror))
    )
    (fp_text value Conn_01x03 (at 0.2 0.2 90) (layer B.Fab)
      (effects (font (size 1 1) (thickness 0.15)) (justify mirror))
    )
    (fp_text user 5v (at 2.6 -4.9 180) (layer B.SilkS)
      (effects (font (size 1 1) (thickness 0.15)) (justify mirror))
    )
    (fp_text user GND (at 0.1 -5.3 180) (layer B.SilkS)
      (effects (font (size 1 1) (thickness 0.15)) (justify mirror))
    )
    (fp_text user DOUT (at -2.4 -5.8 180) (layer B.SilkS)
      (effects (font (size 1 1) (thickness 0.15)) (justify mirror))
    )
    (pad 1 smd rect (at 2.56 -2.24 90) (size 1.524 2.54) (layers Back B.Paste B.Mask)
      (net 4 VCC))
    (pad 3 smd rect (at -2.52 -2.24 90) (size 1.524 2.54) (layers Back B.Paste B.Mask)
      (net 67 N$65))
    (pad 2 smd rect (at 0.02 -2.24 90) (size 1.524 2.54) (layers Back B.Paste B.Mask)
      (net 1 GND))
  )

  (module Capacitor_SMD:C_0805_2012Metric (layer Back) (tedit 5F68FEEE) (tstamp 602362B6)
    (at 14.65 24.7)
    (descr "Capacitor SMD 0805 (2012 Metric), square (rectangular) end terminal, IPC_7351 nominal, (Body size source: IPC-SM-782 page 76, https://www.pcb-3d.com/wordpress/wp-content/uploads/ipc-sm-782a_amendment_1_and_2.pdf, https://docs.google.com/spreadsheets/d/1BsfQQcO9C6DZCsRaXUlFlo91Tg2WpOkGARC1WS5S8t0/edit?usp=sharing), generated with kicad-footprint-generator")
    (tags capacitor)
    (path /top/18294560564718319978)
    (attr smd)
    (fp_text reference C1 (at 0 1.68) (layer B.SilkS)
      (effects (font (size 1 1) (thickness 0.15)) (justify mirror))
    )
    (fp_text value 4.7uf (at 0 -1.68) (layer B.Fab)
      (effects (font (size 1 1) (thickness 0.15)) (justify mirror))
    )
    (fp_text user %R (at 0 0) (layer B.Fab)
      (effects (font (size 0.5 0.5) (thickness 0.08)) (justify mirror))
    )
    (fp_line (start -1 -0.625) (end -1 0.625) (layer B.Fab) (width 0.1))
    (fp_line (start -1 0.625) (end 1 0.625) (layer B.Fab) (width 0.1))
    (fp_line (start 1 0.625) (end 1 -0.625) (layer B.Fab) (width 0.1))
    (fp_line (start 1 -0.625) (end -1 -0.625) (layer B.Fab) (width 0.1))
    (fp_line (start -0.261252 0.735) (end 0.261252 0.735) (layer B.SilkS) (width 0.12))
    (fp_line (start -0.261252 -0.735) (end 0.261252 -0.735) (layer B.SilkS) (width 0.12))
    (fp_line (start -1.7 -0.98) (end -1.7 0.98) (layer B.CrtYd) (width 0.05))
    (fp_line (start -1.7 0.98) (end 1.7 0.98) (layer B.CrtYd) (width 0.05))
    (fp_line (start 1.7 0.98) (end 1.7 -0.98) (layer B.CrtYd) (width 0.05))
    (fp_line (start 1.7 -0.98) (end -1.7 -0.98) (layer B.CrtYd) (width 0.05))
    (pad 2 smd roundrect (at 0.95 0) (size 1 1.45) (layers Back B.Paste B.Mask) (roundrect_rratio 0.25)
      (net 1 GND))
    (pad 1 smd roundrect (at -0.95 0) (size 1 1.45) (layers Back B.Paste B.Mask) (roundrect_rratio 0.25)
      (net 4 VCC))
    (model ${KISYS3DMOD}/Capacitor_SMD.3dshapes/C_0805_2012Metric.wrl
      (at (xyz 0 0 0))
      (scale (xyz 1 1 1))
      (rotate (xyz 0 0 0))
    )
  )

  (module Capacitor_SMD:C_0805_2012Metric (layer Back) (tedit 5F68FEEE) (tstamp 602363A6)
    (at 6.715001 6.974999)
    (descr "Capacitor SMD 0805 (2012 Metric), square (rectangular) end terminal, IPC_7351 nominal, (Body size source: IPC-SM-782 page 76, https://www.pcb-3d.com/wordpress/wp-content/uploads/ipc-sm-782a_amendment_1_and_2.pdf, https://docs.google.com/spreadsheets/d/1BsfQQcO9C6DZCsRaXUlFlo91Tg2WpOkGARC1WS5S8t0/edit?usp=sharing), generated with kicad-footprint-generator")
    (tags capacitor)
    (path /top/13750719281950569360)
    (attr smd)
    (fp_text reference C2 (at 0 1.68) (layer B.SilkS)
      (effects (font (size 1 1) (thickness 0.15)) (justify mirror))
    )
    (fp_text value 4.7uf (at 0 -1.68) (layer B.Fab)
      (effects (font (size 1 1) (thickness 0.15)) (justify mirror))
    )
    (fp_line (start 1.7 -0.98) (end -1.7 -0.98) (layer B.CrtYd) (width 0.05))
    (fp_line (start 1.7 0.98) (end 1.7 -0.98) (layer B.CrtYd) (width 0.05))
    (fp_line (start -1.7 0.98) (end 1.7 0.98) (layer B.CrtYd) (width 0.05))
    (fp_line (start -1.7 -0.98) (end -1.7 0.98) (layer B.CrtYd) (width 0.05))
    (fp_line (start -0.261252 -0.735) (end 0.261252 -0.735) (layer B.SilkS) (width 0.12))
    (fp_line (start -0.261252 0.735) (end 0.261252 0.735) (layer B.SilkS) (width 0.12))
    (fp_line (start 1 -0.625) (end -1 -0.625) (layer B.Fab) (width 0.1))
    (fp_line (start 1 0.625) (end 1 -0.625) (layer B.Fab) (width 0.1))
    (fp_line (start -1 0.625) (end 1 0.625) (layer B.Fab) (width 0.1))
    (fp_line (start -1 -0.625) (end -1 0.625) (layer B.Fab) (width 0.1))
    (fp_text user %R (at 0 0) (layer B.Fab)
      (effects (font (size 0.5 0.5) (thickness 0.08)) (justify mirror))
    )
    (pad 1 smd roundrect (at -0.95 0) (size 1 1.45) (layers Back B.Paste B.Mask) (roundrect_rratio 0.25)
      (net 4 VCC))
    (pad 2 smd roundrect (at 0.95 0) (size 1 1.45) (layers Back B.Paste B.Mask) (roundrect_rratio 0.25)
      (net 1 GND))
    (model ${KISYS3DMOD}/Capacitor_SMD.3dshapes/C_0805_2012Metric.wrl
      (at (xyz 0 0 0))
      (scale (xyz 1 1 1))
      (rotate (xyz 0 0 0))
    )
  )

  (module Capacitor_SMD:C_0805_2012Metric (layer Back) (tedit 5F68FEEE) (tstamp 602363F7)
    (at 15.8825 15.984999)
    (descr "Capacitor SMD 0805 (2012 Metric), square (rectangular) end terminal, IPC_7351 nominal, (Body size source: IPC-SM-782 page 76, https://www.pcb-3d.com/wordpress/wp-content/uploads/ipc-sm-782a_amendment_1_and_2.pdf, https://docs.google.com/spreadsheets/d/1BsfQQcO9C6DZCsRaXUlFlo91Tg2WpOkGARC1WS5S8t0/edit?usp=sharing), generated with kicad-footprint-generator")
    (tags capacitor)
    (path /top/17296454210991854488)
    (attr smd)
    (fp_text reference C3 (at 0 1.68) (layer B.SilkS)
      (effects (font (size 1 1) (thickness 0.15)) (justify mirror))
    )
    (fp_text value 4.7uf (at 0 -1.68) (layer B.Fab)
      (effects (font (size 1 1) (thickness 0.15)) (justify mirror))
    )
    (fp_line (start 1.7 -0.98) (end -1.7 -0.98) (layer B.CrtYd) (width 0.05))
    (fp_line (start 1.7 0.98) (end 1.7 -0.98) (layer B.CrtYd) (width 0.05))
    (fp_line (start -1.7 0.98) (end 1.7 0.98) (layer B.CrtYd) (width 0.05))
    (fp_line (start -1.7 -0.98) (end -1.7 0.98) (layer B.CrtYd) (width 0.05))
    (fp_line (start -0.261252 -0.735) (end 0.261252 -0.735) (layer B.SilkS) (width 0.12))
    (fp_line (start -0.261252 0.735) (end 0.261252 0.735) (layer B.SilkS) (width 0.12))
    (fp_line (start 1 -0.625) (end -1 -0.625) (layer B.Fab) (width 0.1))
    (fp_line (start 1 0.625) (end 1 -0.625) (layer B.Fab) (width 0.1))
    (fp_line (start -1 0.625) (end 1 0.625) (layer B.Fab) (width 0.1))
    (fp_line (start -1 -0.625) (end -1 0.625) (layer B.Fab) (width 0.1))
    (fp_text user %R (at 0 0) (layer B.Fab)
      (effects (font (size 0.5 0.5) (thickness 0.08)) (justify mirror))
    )
    (pad 1 smd roundrect (at -0.95 0) (size 1 1.45) (layers Back B.Paste B.Mask) (roundrect_rratio 0.25)
      (net 4 VCC))
    (pad 2 smd roundrect (at 0.95 0) (size 1 1.45) (layers Back B.Paste B.Mask) (roundrect_rratio 0.25)
      (net 1 GND))
    (model ${KISYS3DMOD}/Capacitor_SMD.3dshapes/C_0805_2012Metric.wrl
      (at (xyz 0 0 0))
      (scale (xyz 1 1 1))
      (rotate (xyz 0 0 0))
    )
  )

  (module Capacitor_SMD:C_0805_2012Metric (layer Back) (tedit 5F68FEEE) (tstamp 60236346)
    (at 25.05 25.8)
    (descr "Capacitor SMD 0805 (2012 Metric), square (rectangular) end terminal, IPC_7351 nominal, (Body size source: IPC-SM-782 page 76, https://www.pcb-3d.com/wordpress/wp-content/uploads/ipc-sm-782a_amendment_1_and_2.pdf, https://docs.google.com/spreadsheets/d/1BsfQQcO9C6DZCsRaXUlFlo91Tg2WpOkGARC1WS5S8t0/edit?usp=sharing), generated with kicad-footprint-generator")
    (tags capacitor)
    (path /top/13500418104152665453)
    (attr smd)
    (fp_text reference C4 (at 0 1.68) (layer B.SilkS)
      (effects (font (size 1 1) (thickness 0.15)) (justify mirror))
    )
    (fp_text value 4.7uf (at 0 -1.68) (layer B.Fab)
      (effects (font (size 1 1) (thickness 0.15)) (justify mirror))
    )
    (fp_line (start 1.7 -0.98) (end -1.7 -0.98) (layer B.CrtYd) (width 0.05))
    (fp_line (start 1.7 0.98) (end 1.7 -0.98) (layer B.CrtYd) (width 0.05))
    (fp_line (start -1.7 0.98) (end 1.7 0.98) (layer B.CrtYd) (width 0.05))
    (fp_line (start -1.7 -0.98) (end -1.7 0.98) (layer B.CrtYd) (width 0.05))
    (fp_line (start -0.261252 -0.735) (end 0.261252 -0.735) (layer B.SilkS) (width 0.12))
    (fp_line (start -0.261252 0.735) (end 0.261252 0.735) (layer B.SilkS) (width 0.12))
    (fp_line (start 1 -0.625) (end -1 -0.625) (layer B.Fab) (width 0.1))
    (fp_line (start 1 0.625) (end 1 -0.625) (layer B.Fab) (width 0.1))
    (fp_line (start -1 0.625) (end 1 0.625) (layer B.Fab) (width 0.1))
    (fp_line (start -1 -0.625) (end -1 0.625) (layer B.Fab) (width 0.1))
    (fp_text user %R (at 0 0) (layer B.Fab)
      (effects (font (size 0.5 0.5) (thickness 0.08)) (justify mirror))
    )
    (pad 1 smd roundrect (at -0.95 0) (size 1 1.45) (layers Back B.Paste B.Mask) (roundrect_rratio 0.25)
      (net 4 VCC))
    (pad 2 smd roundrect (at 0.95 0) (size 1 1.45) (layers Back B.Paste B.Mask) (roundrect_rratio 0.25)
      (net 1 GND))
    (model ${KISYS3DMOD}/Capacitor_SMD.3dshapes/C_0805_2012Metric.wrl
      (at (xyz 0 0 0))
      (scale (xyz 1 1 1))
      (rotate (xyz 0 0 0))
    )
  )

  (module Capacitor_SMD:C_0805_2012Metric (layer Back) (tedit 5F68FEEE) (tstamp 60236376)
    (at 6.715001 24.994999)
    (descr "Capacitor SMD 0805 (2012 Metric), square (rectangular) end terminal, IPC_7351 nominal, (Body size source: IPC-SM-782 page 76, https://www.pcb-3d.com/wordpress/wp-content/uploads/ipc-sm-782a_amendment_1_and_2.pdf, https://docs.google.com/spreadsheets/d/1BsfQQcO9C6DZCsRaXUlFlo91Tg2WpOkGARC1WS5S8t0/edit?usp=sharing), generated with kicad-footprint-generator")
    (tags capacitor)
    (path /top/6709256550972723957)
    (attr smd)
    (fp_text reference C5 (at 0 1.68) (layer B.SilkS)
      (effects (font (size 1 1) (thickness 0.15)) (justify mirror))
    )
    (fp_text value 4.7uf (at 0 -1.68) (layer B.Fab)
      (effects (font (size 1 1) (thickness 0.15)) (justify mirror))
    )
    (fp_line (start 1.7 -0.98) (end -1.7 -0.98) (layer B.CrtYd) (width 0.05))
    (fp_line (start 1.7 0.98) (end 1.7 -0.98) (layer B.CrtYd) (width 0.05))
    (fp_line (start -1.7 0.98) (end 1.7 0.98) (layer B.CrtYd) (width 0.05))
    (fp_line (start -1.7 -0.98) (end -1.7 0.98) (layer B.CrtYd) (width 0.05))
    (fp_line (start -0.261252 -0.735) (end 0.261252 -0.735) (layer B.SilkS) (width 0.12))
    (fp_line (start -0.261252 0.735) (end 0.261252 0.735) (layer B.SilkS) (width 0.12))
    (fp_line (start 1 -0.625) (end -1 -0.625) (layer B.Fab) (width 0.1))
    (fp_line (start 1 0.625) (end 1 -0.625) (layer B.Fab) (width 0.1))
    (fp_line (start -1 0.625) (end 1 0.625) (layer B.Fab) (width 0.1))
    (fp_line (start -1 -0.625) (end -1 0.625) (layer B.Fab) (width 0.1))
    (fp_text user %R (at 0 0) (layer B.Fab)
      (effects (font (size 0.5 0.5) (thickness 0.08)) (justify mirror))
    )
    (pad 1 smd roundrect (at -0.95 0) (size 1 1.45) (layers Back B.Paste B.Mask) (roundrect_rratio 0.25)
      (net 4 VCC))
    (pad 2 smd roundrect (at 0.95 0) (size 1 1.45) (layers Back B.Paste B.Mask) (roundrect_rratio 0.25)
      (net 1 GND))
    (model ${KISYS3DMOD}/Capacitor_SMD.3dshapes/C_0805_2012Metric.wrl
      (at (xyz 0 0 0))
      (scale (xyz 1 1 1))
      (rotate (xyz 0 0 0))
    )
  )

  (module Capacitor_SMD:C_0805_2012Metric (layer Back) (tedit 5F68FEEE) (tstamp 602362E6)
    (at 15.8575 6.974999)
    (descr "Capacitor SMD 0805 (2012 Metric), square (rectangular) end terminal, IPC_7351 nominal, (Body size source: IPC-SM-782 page 76, https://www.pcb-3d.com/wordpress/wp-content/uploads/ipc-sm-782a_amendment_1_and_2.pdf, https://docs.google.com/spreadsheets/d/1BsfQQcO9C6DZCsRaXUlFlo91Tg2WpOkGARC1WS5S8t0/edit?usp=sharing), generated with kicad-footprint-generator")
    (tags capacitor)
    (path /top/15189344067755997030)
    (attr smd)
    (fp_text reference C6 (at 0 1.68) (layer B.SilkS)
      (effects (font (size 1 1) (thickness 0.15)) (justify mirror))
    )
    (fp_text value 4.7uf (at 0 -1.68) (layer B.Fab)
      (effects (font (size 1 1) (thickness 0.15)) (justify mirror))
    )
    (fp_text user %R (at 0 0) (layer B.Fab)
      (effects (font (size 0.5 0.5) (thickness 0.08)) (justify mirror))
    )
    (fp_line (start -1 -0.625) (end -1 0.625) (layer B.Fab) (width 0.1))
    (fp_line (start -1 0.625) (end 1 0.625) (layer B.Fab) (width 0.1))
    (fp_line (start 1 0.625) (end 1 -0.625) (layer B.Fab) (width 0.1))
    (fp_line (start 1 -0.625) (end -1 -0.625) (layer B.Fab) (width 0.1))
    (fp_line (start -0.261252 0.735) (end 0.261252 0.735) (layer B.SilkS) (width 0.12))
    (fp_line (start -0.261252 -0.735) (end 0.261252 -0.735) (layer B.SilkS) (width 0.12))
    (fp_line (start -1.7 -0.98) (end -1.7 0.98) (layer B.CrtYd) (width 0.05))
    (fp_line (start -1.7 0.98) (end 1.7 0.98) (layer B.CrtYd) (width 0.05))
    (fp_line (start 1.7 0.98) (end 1.7 -0.98) (layer B.CrtYd) (width 0.05))
    (fp_line (start 1.7 -0.98) (end -1.7 -0.98) (layer B.CrtYd) (width 0.05))
    (pad 2 smd roundrect (at 0.95 0) (size 1 1.45) (layers Back B.Paste B.Mask) (roundrect_rratio 0.25)
      (net 1 GND))
    (pad 1 smd roundrect (at -0.95 0) (size 1 1.45) (layers Back B.Paste B.Mask) (roundrect_rratio 0.25)
      (net 4 VCC))
    (model ${KISYS3DMOD}/Capacitor_SMD.3dshapes/C_0805_2012Metric.wrl
      (at (xyz 0 0 0))
      (scale (xyz 1 1 1))
      (rotate (xyz 0 0 0))
    )
  )

  (module Capacitor_SMD:C_0805_2012Metric (layer Back) (tedit 5F68FEEE) (tstamp 60236286)
    (at 25.05 16)
    (descr "Capacitor SMD 0805 (2012 Metric), square (rectangular) end terminal, IPC_7351 nominal, (Body size source: IPC-SM-782 page 76, https://www.pcb-3d.com/wordpress/wp-content/uploads/ipc-sm-782a_amendment_1_and_2.pdf, https://docs.google.com/spreadsheets/d/1BsfQQcO9C6DZCsRaXUlFlo91Tg2WpOkGARC1WS5S8t0/edit?usp=sharing), generated with kicad-footprint-generator")
    (tags capacitor)
    (path /top/17819986197141042487)
    (attr smd)
    (fp_text reference C7 (at 0 1.68) (layer B.SilkS)
      (effects (font (size 1 1) (thickness 0.15)) (justify mirror))
    )
    (fp_text value 4.7uf (at 0 -1.68) (layer B.Fab)
      (effects (font (size 1 1) (thickness 0.15)) (justify mirror))
    )
    (fp_text user %R (at 0 0) (layer B.Fab)
      (effects (font (size 0.5 0.5) (thickness 0.08)) (justify mirror))
    )
    (fp_line (start -1 -0.625) (end -1 0.625) (layer B.Fab) (width 0.1))
    (fp_line (start -1 0.625) (end 1 0.625) (layer B.Fab) (width 0.1))
    (fp_line (start 1 0.625) (end 1 -0.625) (layer B.Fab) (width 0.1))
    (fp_line (start 1 -0.625) (end -1 -0.625) (layer B.Fab) (width 0.1))
    (fp_line (start -0.261252 0.735) (end 0.261252 0.735) (layer B.SilkS) (width 0.12))
    (fp_line (start -0.261252 -0.735) (end 0.261252 -0.735) (layer B.SilkS) (width 0.12))
    (fp_line (start -1.7 -0.98) (end -1.7 0.98) (layer B.CrtYd) (width 0.05))
    (fp_line (start -1.7 0.98) (end 1.7 0.98) (layer B.CrtYd) (width 0.05))
    (fp_line (start 1.7 0.98) (end 1.7 -0.98) (layer B.CrtYd) (width 0.05))
    (fp_line (start 1.7 -0.98) (end -1.7 -0.98) (layer B.CrtYd) (width 0.05))
    (pad 2 smd roundrect (at 0.95 0) (size 1 1.45) (layers Back B.Paste B.Mask) (roundrect_rratio 0.25)
      (net 1 GND))
    (pad 1 smd roundrect (at -0.95 0) (size 1 1.45) (layers Back B.Paste B.Mask) (roundrect_rratio 0.25)
      (net 4 VCC))
    (model ${KISYS3DMOD}/Capacitor_SMD.3dshapes/C_0805_2012Metric.wrl
      (at (xyz 0 0 0))
      (scale (xyz 1 1 1))
      (rotate (xyz 0 0 0))
    )
  )

  (module Capacitor_SMD:C_0805_2012Metric (layer Back) (tedit 5F68FEEE) (tstamp 60236256)
    (at 25 7)
    (descr "Capacitor SMD 0805 (2012 Metric), square (rectangular) end terminal, IPC_7351 nominal, (Body size source: IPC-SM-782 page 76, https://www.pcb-3d.com/wordpress/wp-content/uploads/ipc-sm-782a_amendment_1_and_2.pdf, https://docs.google.com/spreadsheets/d/1BsfQQcO9C6DZCsRaXUlFlo91Tg2WpOkGARC1WS5S8t0/edit?usp=sharing), generated with kicad-footprint-generator")
    (tags capacitor)
    (path /top/12472220364437654760)
    (attr smd)
    (fp_text reference C8 (at 0 1.68) (layer B.SilkS)
      (effects (font (size 1 1) (thickness 0.15)) (justify mirror))
    )
    (fp_text value 4.7uf (at 0 -1.68) (layer B.Fab)
      (effects (font (size 1 1) (thickness 0.15)) (justify mirror))
    )
    (fp_line (start 1.7 -0.98) (end -1.7 -0.98) (layer B.CrtYd) (width 0.05))
    (fp_line (start 1.7 0.98) (end 1.7 -0.98) (layer B.CrtYd) (width 0.05))
    (fp_line (start -1.7 0.98) (end 1.7 0.98) (layer B.CrtYd) (width 0.05))
    (fp_line (start -1.7 -0.98) (end -1.7 0.98) (layer B.CrtYd) (width 0.05))
    (fp_line (start -0.261252 -0.735) (end 0.261252 -0.735) (layer B.SilkS) (width 0.12))
    (fp_line (start -0.261252 0.735) (end 0.261252 0.735) (layer B.SilkS) (width 0.12))
    (fp_line (start 1 -0.625) (end -1 -0.625) (layer B.Fab) (width 0.1))
    (fp_line (start 1 0.625) (end 1 -0.625) (layer B.Fab) (width 0.1))
    (fp_line (start -1 0.625) (end 1 0.625) (layer B.Fab) (width 0.1))
    (fp_line (start -1 -0.625) (end -1 0.625) (layer B.Fab) (width 0.1))
    (fp_text user %R (at 0 0) (layer B.Fab)
      (effects (font (size 0.5 0.5) (thickness 0.08)) (justify mirror))
    )
    (pad 1 smd roundrect (at -0.95 0) (size 1 1.45) (layers Back B.Paste B.Mask) (roundrect_rratio 0.25)
      (net 4 VCC))
    (pad 2 smd roundrect (at 0.95 0) (size 1 1.45) (layers Back B.Paste B.Mask) (roundrect_rratio 0.25)
      (net 1 GND))
    (model ${KISYS3DMOD}/Capacitor_SMD.3dshapes/C_0805_2012Metric.wrl
      (at (xyz 0 0 0))
      (scale (xyz 1 1 1))
      (rotate (xyz 0 0 0))
    )
  )

  (module Capacitor_SMD:C_0805_2012Metric (layer Back) (tedit 5F68FEEE) (tstamp 60236226)
    (at 6.85 16.3)
    (descr "Capacitor SMD 0805 (2012 Metric), square (rectangular) end terminal, IPC_7351 nominal, (Body size source: IPC-SM-782 page 76, https://www.pcb-3d.com/wordpress/wp-content/uploads/ipc-sm-782a_amendment_1_and_2.pdf, https://docs.google.com/spreadsheets/d/1BsfQQcO9C6DZCsRaXUlFlo91Tg2WpOkGARC1WS5S8t0/edit?usp=sharing), generated with kicad-footprint-generator")
    (tags capacitor)
    (path /top/7738846908049148330)
    (attr smd)
    (fp_text reference C9 (at 0 1.68) (layer B.SilkS)
      (effects (font (size 1 1) (thickness 0.15)) (justify mirror))
    )
    (fp_text value 4.7uf (at 0 -1.68) (layer B.Fab)
      (effects (font (size 1 1) (thickness 0.15)) (justify mirror))
    )
    (fp_text user %R (at 0 0) (layer B.Fab)
      (effects (font (size 0.5 0.5) (thickness 0.08)) (justify mirror))
    )
    (fp_line (start -1 -0.625) (end -1 0.625) (layer B.Fab) (width 0.1))
    (fp_line (start -1 0.625) (end 1 0.625) (layer B.Fab) (width 0.1))
    (fp_line (start 1 0.625) (end 1 -0.625) (layer B.Fab) (width 0.1))
    (fp_line (start 1 -0.625) (end -1 -0.625) (layer B.Fab) (width 0.1))
    (fp_line (start -0.261252 0.735) (end 0.261252 0.735) (layer B.SilkS) (width 0.12))
    (fp_line (start -0.261252 -0.735) (end 0.261252 -0.735) (layer B.SilkS) (width 0.12))
    (fp_line (start -1.7 -0.98) (end -1.7 0.98) (layer B.CrtYd) (width 0.05))
    (fp_line (start -1.7 0.98) (end 1.7 0.98) (layer B.CrtYd) (width 0.05))
    (fp_line (start 1.7 0.98) (end 1.7 -0.98) (layer B.CrtYd) (width 0.05))
    (fp_line (start 1.7 -0.98) (end -1.7 -0.98) (layer B.CrtYd) (width 0.05))
    (pad 2 smd roundrect (at 0.95 0) (size 1 1.45) (layers Back B.Paste B.Mask) (roundrect_rratio 0.25)
      (net 1 GND))
    (pad 1 smd roundrect (at -0.95 0) (size 1 1.45) (layers Back B.Paste B.Mask) (roundrect_rratio 0.25)
      (net 4 VCC))
    (model ${KISYS3DMOD}/Capacitor_SMD.3dshapes/C_0805_2012Metric.wrl
      (at (xyz 0 0 0))
      (scale (xyz 1 1 1))
      (rotate (xyz 0 0 0))
    )
  )

  (module LED_SK6812MINI_PLCC4_3.5x3.5mm_P1.75mm_lowprofile (layer Front) (tedit 602291C4) (tstamp 60235726)
    (at 2 2)
    (descr https://cdn-shop.adafruit.com/product-files/2686/SK6812MINI_REV.01-1-2.pdf)
    (tags "LED RGB NeoPixel Mini")
    (path /top/13294194815239002902)
    (attr smd)
    (fp_text reference D1 (at 0 -2.75) (layer F.Fab)
      (effects (font (size 1 1) (thickness 0.15)))
    )
    (fp_text value WS2812B-MINI (at 0 3.25) (layer F.Fab) hide
      (effects (font (size 1 1) (thickness 0.15)))
    )
    (fp_circle (center 0 0) (end 0 -1.5) (layer F.Fab) (width 0.1))
    (fp_line (start 1.75 -1.75) (end -1.75 -1.75) (layer F.Fab) (width 0.1))
    (fp_line (start 1.75 1.75) (end 1.75 -1.75) (layer F.Fab) (width 0.1))
    (fp_line (start -1.75 1.75) (end 1.75 1.75) (layer F.Fab) (width 0.1))
    (fp_line (start -1.75 -1.75) (end -1.75 1.75) (layer F.Fab) (width 0.1))
    (fp_line (start 1.75 0.75) (end 0.75 1.75) (layer F.Fab) (width 0.1))
    (fp_line (start -2 -2) (end -2 2) (layer F.CrtYd) (width 0.05))
    (fp_line (start -2 2) (end 2 2) (layer F.CrtYd) (width 0.05))
    (fp_line (start 2 2) (end 2 -2) (layer F.CrtYd) (width 0.05))
    (fp_line (start 2 -2) (end -2 -2) (layer F.CrtYd) (width 0.05))
    (fp_text user 1 (at -3.5 -0.875) (layer F.Fab)
      (effects (font (size 1 1) (thickness 0.15)))
    )
    (fp_text user %R (at 0 0) (layer F.Fab)
      (effects (font (size 0.5 0.5) (thickness 0.1)))
    )
    (pad 3 smd rect (at 1.4 0.875) (size 1 0.85) (layers Front F.Paste F.Mask)
      (net 1 GND))
    (pad 4 smd rect (at 1.4 -0.875) (size 1 0.85) (layers Front F.Paste F.Mask)
      (net 2 N$64))
    (pad 2 smd rect (at -1.4 0.875) (size 1 0.85) (layers Front F.Paste F.Mask)
      (net 3 N$1))
    (pad 1 smd rect (at -1.4 -0.875) (size 1 0.85) (layers Front F.Paste F.Mask)
      (net 4 VCC))
    (model ${KISYS3DMOD}/LED_SMD.3dshapes/LED_SK6812MINI_PLCC4_3.5x3.5mm_P1.75mm.wrl
      (at (xyz 0 0 0))
      (scale (xyz 1 1 1))
      (rotate (xyz 0 0 0))
    )
    (model /home/tom/projects/LedMatrixGenerator/kicad-keyboard-parts.pretty/3d/LED_WS2812B-MINI.step
      (at (xyz 0 0 0))
      (scale (xyz 1 1 1))
      (rotate (xyz 0 0 0))
    )
  )

  (module LED_SK6812MINI_PLCC4_3.5x3.5mm_P1.75mm_lowprofile (layer Front) (tedit 602291C4) (tstamp 60235739)
    (at 6 2 90)
    (descr https://cdn-shop.adafruit.com/product-files/2686/SK6812MINI_REV.01-1-2.pdf)
    (tags "LED RGB NeoPixel Mini")
    (path /top/12579074867573964707)
    (attr smd)
    (fp_text reference D2 (at 0 -2.75 90) (layer F.Fab)
      (effects (font (size 1 1) (thickness 0.15)))
    )
    (fp_text value WS2812B-MINI (at 0 3.25 90) (layer F.Fab) hide
      (effects (font (size 1 1) (thickness 0.15)))
    )
    (fp_text user %R (at 0 0 90) (layer F.Fab)
      (effects (font (size 0.5 0.5) (thickness 0.1)))
    )
    (fp_text user 1 (at -3.5 -0.875 90) (layer F.Fab)
      (effects (font (size 1 1) (thickness 0.15)))
    )
    (fp_line (start 2 -2) (end -2 -2) (layer F.CrtYd) (width 0.05))
    (fp_line (start 2 2) (end 2 -2) (layer F.CrtYd) (width 0.05))
    (fp_line (start -2 2) (end 2 2) (layer F.CrtYd) (width 0.05))
    (fp_line (start -2 -2) (end -2 2) (layer F.CrtYd) (width 0.05))
    (fp_line (start 1.75 0.75) (end 0.75 1.75) (layer F.Fab) (width 0.1))
    (fp_line (start -1.75 -1.75) (end -1.75 1.75) (layer F.Fab) (width 0.1))
    (fp_line (start -1.75 1.75) (end 1.75 1.75) (layer F.Fab) (width 0.1))
    (fp_line (start 1.75 1.75) (end 1.75 -1.75) (layer F.Fab) (width 0.1))
    (fp_line (start 1.75 -1.75) (end -1.75 -1.75) (layer F.Fab) (width 0.1))
    (fp_circle (center 0 0) (end 0 -1.5) (layer F.Fab) (width 0.1))
    (pad 1 smd rect (at -1.4 -0.875 90) (size 1 0.85) (layers Front F.Paste F.Mask)
      (net 4 VCC))
    (pad 2 smd rect (at -1.4 0.875 90) (size 1 0.85) (layers Front F.Paste F.Mask)
      (net 5 N$2))
    (pad 4 smd rect (at 1.4 -0.875 90) (size 1 0.85) (layers Front F.Paste F.Mask)
      (net 3 N$1))
    (pad 3 smd rect (at 1.4 0.875 90) (size 1 0.85) (layers Front F.Paste F.Mask)
      (net 1 GND))
    (model ${KISYS3DMOD}/LED_SMD.3dshapes/LED_SK6812MINI_PLCC4_3.5x3.5mm_P1.75mm.wrl
      (at (xyz 0 0 0))
      (scale (xyz 1 1 1))
      (rotate (xyz 0 0 0))
    )
    (model /home/tom/projects/LedMatrixGenerator/kicad-keyboard-parts.pretty/3d/LED_WS2812B-MINI.step
      (at (xyz 0 0 0))
      (scale (xyz 1 1 1))
      (rotate (xyz 0 0 0))
    )
  )

  (module LED_SK6812MINI_PLCC4_3.5x3.5mm_P1.75mm_lowprofile (layer Front) (tedit 602291C4) (tstamp 6023574C)
    (at 10 2)
    (descr https://cdn-shop.adafruit.com/product-files/2686/SK6812MINI_REV.01-1-2.pdf)
    (tags "LED RGB NeoPixel Mini")
    (path /top/10409942961975649267)
    (attr smd)
    (fp_text reference D3 (at 0 -2.75) (layer F.Fab)
      (effects (font (size 1 1) (thickness 0.15)))
    )
    (fp_text value WS2812B-MINI (at 0 3.25) (layer F.Fab) hide
      (effects (font (size 1 1) (thickness 0.15)))
    )
    (fp_text user %R (at 0 0) (layer F.Fab)
      (effects (font (size 0.5 0.5) (thickness 0.1)))
    )
    (fp_text user 1 (at -3.5 -0.875) (layer F.Fab)
      (effects (font (size 1 1) (thickness 0.15)))
    )
    (fp_line (start 2 -2) (end -2 -2) (layer F.CrtYd) (width 0.05))
    (fp_line (start 2 2) (end 2 -2) (layer F.CrtYd) (width 0.05))
    (fp_line (start -2 2) (end 2 2) (layer F.CrtYd) (width 0.05))
    (fp_line (start -2 -2) (end -2 2) (layer F.CrtYd) (width 0.05))
    (fp_line (start 1.75 0.75) (end 0.75 1.75) (layer F.Fab) (width 0.1))
    (fp_line (start -1.75 -1.75) (end -1.75 1.75) (layer F.Fab) (width 0.1))
    (fp_line (start -1.75 1.75) (end 1.75 1.75) (layer F.Fab) (width 0.1))
    (fp_line (start 1.75 1.75) (end 1.75 -1.75) (layer F.Fab) (width 0.1))
    (fp_line (start 1.75 -1.75) (end -1.75 -1.75) (layer F.Fab) (width 0.1))
    (fp_circle (center 0 0) (end 0 -1.5) (layer F.Fab) (width 0.1))
    (pad 1 smd rect (at -1.4 -0.875) (size 1 0.85) (layers Front F.Paste F.Mask)
      (net 4 VCC))
    (pad 2 smd rect (at -1.4 0.875) (size 1 0.85) (layers Front F.Paste F.Mask)
      (net 6 N$3))
    (pad 4 smd rect (at 1.4 -0.875) (size 1 0.85) (layers Front F.Paste F.Mask)
      (net 5 N$2))
    (pad 3 smd rect (at 1.4 0.875) (size 1 0.85) (layers Front F.Paste F.Mask)
      (net 1 GND))
    (model ${KISYS3DMOD}/LED_SMD.3dshapes/LED_SK6812MINI_PLCC4_3.5x3.5mm_P1.75mm.wrl
      (at (xyz 0 0 0))
      (scale (xyz 1 1 1))
      (rotate (xyz 0 0 0))
    )
    (model /home/tom/projects/LedMatrixGenerator/kicad-keyboard-parts.pretty/3d/LED_WS2812B-MINI.step
      (at (xyz 0 0 0))
      (scale (xyz 1 1 1))
      (rotate (xyz 0 0 0))
    )
  )

  (module LED_SK6812MINI_PLCC4_3.5x3.5mm_P1.75mm_lowprofile (layer Front) (tedit 602291C4) (tstamp 6023575F)
    (at 14 2 90)
    (descr https://cdn-shop.adafruit.com/product-files/2686/SK6812MINI_REV.01-1-2.pdf)
    (tags "LED RGB NeoPixel Mini")
    (path /top/1307584060618773827)
    (attr smd)
    (fp_text reference D4 (at 0 -2.75 90) (layer F.Fab)
      (effects (font (size 1 1) (thickness 0.15)))
    )
    (fp_text value WS2812B-MINI (at 0 3.25 90) (layer F.Fab) hide
      (effects (font (size 1 1) (thickness 0.15)))
    )
    (fp_text user %R (at 0 0 90) (layer F.Fab)
      (effects (font (size 0.5 0.5) (thickness 0.1)))
    )
    (fp_text user 1 (at -3.5 -0.875 90) (layer F.Fab)
      (effects (font (size 1 1) (thickness 0.15)))
    )
    (fp_line (start 2 -2) (end -2 -2) (layer F.CrtYd) (width 0.05))
    (fp_line (start 2 2) (end 2 -2) (layer F.CrtYd) (width 0.05))
    (fp_line (start -2 2) (end 2 2) (layer F.CrtYd) (width 0.05))
    (fp_line (start -2 -2) (end -2 2) (layer F.CrtYd) (width 0.05))
    (fp_line (start 1.75 0.75) (end 0.75 1.75) (layer F.Fab) (width 0.1))
    (fp_line (start -1.75 -1.75) (end -1.75 1.75) (layer F.Fab) (width 0.1))
    (fp_line (start -1.75 1.75) (end 1.75 1.75) (layer F.Fab) (width 0.1))
    (fp_line (start 1.75 1.75) (end 1.75 -1.75) (layer F.Fab) (width 0.1))
    (fp_line (start 1.75 -1.75) (end -1.75 -1.75) (layer F.Fab) (width 0.1))
    (fp_circle (center 0 0) (end 0 -1.5) (layer F.Fab) (width 0.1))
    (pad 1 smd rect (at -1.4 -0.875 90) (size 1 0.85) (layers Front F.Paste F.Mask)
      (net 4 VCC))
    (pad 2 smd rect (at -1.4 0.875 90) (size 1 0.85) (layers Front F.Paste F.Mask)
      (net 7 N$4))
    (pad 4 smd rect (at 1.4 -0.875 90) (size 1 0.85) (layers Front F.Paste F.Mask)
      (net 6 N$3))
    (pad 3 smd rect (at 1.4 0.875 90) (size 1 0.85) (layers Front F.Paste F.Mask)
      (net 1 GND))
    (model ${KISYS3DMOD}/LED_SMD.3dshapes/LED_SK6812MINI_PLCC4_3.5x3.5mm_P1.75mm.wrl
      (at (xyz 0 0 0))
      (scale (xyz 1 1 1))
      (rotate (xyz 0 0 0))
    )
    (model /home/tom/projects/LedMatrixGenerator/kicad-keyboard-parts.pretty/3d/LED_WS2812B-MINI.step
      (at (xyz 0 0 0))
      (scale (xyz 1 1 1))
      (rotate (xyz 0 0 0))
    )
  )

  (module LED_SK6812MINI_PLCC4_3.5x3.5mm_P1.75mm_lowprofile (layer Front) (tedit 602291C4) (tstamp 60235772)
    (at 18 2)
    (descr https://cdn-shop.adafruit.com/product-files/2686/SK6812MINI_REV.01-1-2.pdf)
    (tags "LED RGB NeoPixel Mini")
    (path /top/18226110665819611039)
    (attr smd)
    (fp_text reference D5 (at 0 -2.75) (layer F.Fab)
      (effects (font (size 1 1) (thickness 0.15)))
    )
    (fp_text value WS2812B-MINI (at 0 3.25) (layer F.Fab) hide
      (effects (font (size 1 1) (thickness 0.15)))
    )
    (fp_text user %R (at 0 0) (layer F.Fab)
      (effects (font (size 0.5 0.5) (thickness 0.1)))
    )
    (fp_text user 1 (at -3.5 -0.875) (layer F.Fab)
      (effects (font (size 1 1) (thickness 0.15)))
    )
    (fp_line (start 2 -2) (end -2 -2) (layer F.CrtYd) (width 0.05))
    (fp_line (start 2 2) (end 2 -2) (layer F.CrtYd) (width 0.05))
    (fp_line (start -2 2) (end 2 2) (layer F.CrtYd) (width 0.05))
    (fp_line (start -2 -2) (end -2 2) (layer F.CrtYd) (width 0.05))
    (fp_line (start 1.75 0.75) (end 0.75 1.75) (layer F.Fab) (width 0.1))
    (fp_line (start -1.75 -1.75) (end -1.75 1.75) (layer F.Fab) (width 0.1))
    (fp_line (start -1.75 1.75) (end 1.75 1.75) (layer F.Fab) (width 0.1))
    (fp_line (start 1.75 1.75) (end 1.75 -1.75) (layer F.Fab) (width 0.1))
    (fp_line (start 1.75 -1.75) (end -1.75 -1.75) (layer F.Fab) (width 0.1))
    (fp_circle (center 0 0) (end 0 -1.5) (layer F.Fab) (width 0.1))
    (pad 1 smd rect (at -1.4 -0.875) (size 1 0.85) (layers Front F.Paste F.Mask)
      (net 4 VCC))
    (pad 2 smd rect (at -1.4 0.875) (size 1 0.85) (layers Front F.Paste F.Mask)
      (net 8 N$5))
    (pad 4 smd rect (at 1.4 -0.875) (size 1 0.85) (layers Front F.Paste F.Mask)
      (net 7 N$4))
    (pad 3 smd rect (at 1.4 0.875) (size 1 0.85) (layers Front F.Paste F.Mask)
      (net 1 GND))
    (model ${KISYS3DMOD}/LED_SMD.3dshapes/LED_SK6812MINI_PLCC4_3.5x3.5mm_P1.75mm.wrl
      (at (xyz 0 0 0))
      (scale (xyz 1 1 1))
      (rotate (xyz 0 0 0))
    )
    (model /home/tom/projects/LedMatrixGenerator/kicad-keyboard-parts.pretty/3d/LED_WS2812B-MINI.step
      (at (xyz 0 0 0))
      (scale (xyz 1 1 1))
      (rotate (xyz 0 0 0))
    )
  )

  (module LED_SK6812MINI_PLCC4_3.5x3.5mm_P1.75mm_lowprofile (layer Front) (tedit 602291C4) (tstamp 60235785)
    (at 22 2 90)
    (descr https://cdn-shop.adafruit.com/product-files/2686/SK6812MINI_REV.01-1-2.pdf)
    (tags "LED RGB NeoPixel Mini")
    (path /top/2538902623132277534)
    (attr smd)
    (fp_text reference D6 (at 0 -2.75 90) (layer F.Fab)
      (effects (font (size 1 1) (thickness 0.15)))
    )
    (fp_text value WS2812B-MINI (at 0 3.25 90) (layer F.Fab) hide
      (effects (font (size 1 1) (thickness 0.15)))
    )
    (fp_circle (center 0 0) (end 0 -1.5) (layer F.Fab) (width 0.1))
    (fp_line (start 1.75 -1.75) (end -1.75 -1.75) (layer F.Fab) (width 0.1))
    (fp_line (start 1.75 1.75) (end 1.75 -1.75) (layer F.Fab) (width 0.1))
    (fp_line (start -1.75 1.75) (end 1.75 1.75) (layer F.Fab) (width 0.1))
    (fp_line (start -1.75 -1.75) (end -1.75 1.75) (layer F.Fab) (width 0.1))
    (fp_line (start 1.75 0.75) (end 0.75 1.75) (layer F.Fab) (width 0.1))
    (fp_line (start -2 -2) (end -2 2) (layer F.CrtYd) (width 0.05))
    (fp_line (start -2 2) (end 2 2) (layer F.CrtYd) (width 0.05))
    (fp_line (start 2 2) (end 2 -2) (layer F.CrtYd) (width 0.05))
    (fp_line (start 2 -2) (end -2 -2) (layer F.CrtYd) (width 0.05))
    (fp_text user 1 (at -3.5 -0.875 90) (layer F.Fab)
      (effects (font (size 1 1) (thickness 0.15)))
    )
    (fp_text user %R (at 0 0 90) (layer F.Fab)
      (effects (font (size 0.5 0.5) (thickness 0.1)))
    )
    (pad 3 smd rect (at 1.4 0.875 90) (size 1 0.85) (layers Front F.Paste F.Mask)
      (net 1 GND))
    (pad 4 smd rect (at 1.4 -0.875 90) (size 1 0.85) (layers Front F.Paste F.Mask)
      (net 8 N$5))
    (pad 2 smd rect (at -1.4 0.875 90) (size 1 0.85) (layers Front F.Paste F.Mask)
      (net 9 N$6))
    (pad 1 smd rect (at -1.4 -0.875 90) (size 1 0.85) (layers Front F.Paste F.Mask)
      (net 4 VCC))
    (model ${KISYS3DMOD}/LED_SMD.3dshapes/LED_SK6812MINI_PLCC4_3.5x3.5mm_P1.75mm.wrl
      (at (xyz 0 0 0))
      (scale (xyz 1 1 1))
      (rotate (xyz 0 0 0))
    )
    (model /home/tom/projects/LedMatrixGenerator/kicad-keyboard-parts.pretty/3d/LED_WS2812B-MINI.step
      (at (xyz 0 0 0))
      (scale (xyz 1 1 1))
      (rotate (xyz 0 0 0))
    )
  )

  (module LED_SK6812MINI_PLCC4_3.5x3.5mm_P1.75mm_lowprofile (layer Front) (tedit 602291C4) (tstamp 60235798)
    (at 26 2)
    (descr https://cdn-shop.adafruit.com/product-files/2686/SK6812MINI_REV.01-1-2.pdf)
    (tags "LED RGB NeoPixel Mini")
    (path /top/5629781484931965827)
    (attr smd)
    (fp_text reference D7 (at 0 -2.75) (layer F.Fab)
      (effects (font (size 1 1) (thickness 0.15)))
    )
    (fp_text value WS2812B-MINI (at 0 3.25) (layer F.Fab) hide
      (effects (font (size 1 1) (thickness 0.15)))
    )
    (fp_circle (center 0 0) (end 0 -1.5) (layer F.Fab) (width 0.1))
    (fp_line (start 1.75 -1.75) (end -1.75 -1.75) (layer F.Fab) (width 0.1))
